MutID	ClusterID	1.VAF	23.VAF	24.VAF	25.VAF	26.VAF	4.VAF	5.VAF	6.VAF	7.VAF	9.VAF	1.CN	23.CN	24.CN	25.CN	26.CN	4.CN	5.CN	6.CN	7.CN	9.CN
16:89294574	2	0.7143	0.7143	0.6277	0.56	0.6364	0.5222	0.6364	0.629	0.8158	0.6606	1.2558	1.0993	1.2271	1.2655	1.2013	1.2328	1.0546	1.3107	1.0912	1.1401
17:73497272	1	0.004	0	0	0	0.0148	0	0	0.0058	0.0062	0.1563	1.9187	1.7668	1.8532	1.8573	1.6181	1.9183	1.8318	1.7956	2.0714	1.9374
19:52129411	4	0	0.0548	0	0	0	0	0	0	0.2113	0.0078	2.1649	1.9845	2.0191	1.86	1.7628	2.0296	2.0168	1.9364	1.7076	1.7789
1:158325745	3	0.1724	0	0	0.0116	0.0683	0	0.0265	0.0718	0	0.0049	2.033	2.0858	1.9711	1.997	2.1586	1.9826	2.0668	2.0335	2.0008	2.0108
22:40271433	2	0.4419	0.5	0.6	0.4848	0.619	0.4516	0.4545	0.3429	0.6667	0.5854	1.632	1.513	1.6762	2	2	2.1464	1.6113	1.7376	2	1.6329
3:142984890	3	0.1748	0	0	0.0253	0.0706	0	0	0.046	0	0	2.353	2.8056	2.969	2.5521	2.6917	2.5957	2.6675	2.6673	2.5086	3.0001
4:118005971	3	0.1757	0	0	0.0404	0.019	0.0141	0.024	0.1032	0	0	2.0668	2.0962	2.9197	2.2936	2.3217	2.1904	2.1693	2.1048	2.18	2.2315
5:53814224	1	0	0	0	0	0	0.0047	0	0.0198	0	0.1784	1.8775	2.4834	2.0096	2.4548	1.9572	2.0163	2.0997	2.2101	2.6405	2.2506
6:108984667	2	0.375	0.6	0.5532	0.4878	0.4054	0.4444	0.5893	0.3571	0.7273	0.7925	1	1.1955	1.307	1.3827	1	1.3612	1.1669	1.2678	1.213	1.2561
6:152777087	4	0	0.0633	0	0.0093	0	0.0078	0	0	0.1538	0	2.0426	2.7899	2.436	2.1732	3.0001	3.0001	2.0997	2.3466	2.525	1.848
7:99957210	2	0.5321	0.6071	0.5044	0.5108	0.4884	0.5368	0.5224	0.4322	0.6892	0.5287	2.5118	2.0605	2.4543	2.3466	2.1988	2.5298	2.3733	2.1741	2.1718	2.2662
8:145732105	1	0	0	0	0	0	0	0.0075	0.0505	0	0.188	2.178	2.2487	2.1638	2.0515	2.5447	2.3309	2.34	2.5574	2.4233	2.2628
X:15870503	1	0	0	0	0	0	0	0	0.0833	0.0435	0.2	3.0001	3.312	3.7156	2	3.0001	3.0001	3.0001	3.0001	3.0001	3.0001
